*  0 292 070203 5374 529044
*  0 292 070233 5375 529066
*  0 292 070303 5376 529102
*  0 292 070333 5377 529110
*  0 292 070403 5378 528940
*  0 292 070433 5379 528966
*  0 292 070503 5380 528966
*  0 292 070533 5381 528886
*  0 292 070603 5382 528942
*  0 292 070633 5383 528952
*  0 292 070703 5384 528958
*  0 292 070733 5385 528948
*  0 292 070803 5386 528952
*  0 292 070833 5387 528960
*  0 292 070903 5388 528954
*  0 292 070933 5389 528946
*  0 292 071003 5390 528942
*  0 292 071033 5391 528946
*  0 292 071103 5392 528950
*  0 292 071133 5393 528948
*  0 292 071203 5394 528950
*  0 292 071233 5395 528942
*  0 292 071303 5396 528930
*  0 292 071333 5397 528946
*  0 292 071403 5398 528954
*  0 292 071433 5399 528958
*  0 292 071503 5400 528948
*  0 292 071533 5401 528936
*  0 292 071603 5402 528924
*  0 292 071633 5403 528916
*  0 292 071703 5404 528916
*  0 292 071733 5405 528926
*  0 292 071803 5406 528940
*  0 292 071833 5407 528938
*  0 292 071903 5408 528928
*  0 292 071933 5409 528918
*  0 292 072003 5410 528934
*  0 292 072033 5411 528928
*  0 292 072103 5412 528922
*  0 292 072133 5413 528914
*  0 292 072203 5414 528930
*  0 292 072233 5415 528976
*  0 292 072303 5416 528960
*  0 292 072333 5417 528930
*  0 292 072403 5418 528924
*  0 292 072433 5419 528936
*  0 292 072503 5420 528932
*  0 292 072533 5421 528942
*  0 292 072603 5422 528954
*  0 292 072633 5423 528956
*  0 292 072703 5424 528926
*  0 292 072733 5425 528924
*  0 292 072803 5426 528928
*  0 292 072833 5427 528920
*  0 292 072903 5428 528912
*  0 292 072933 5429 528912
*  0 292 073003 5430 528918
*  0 292 073033 5431 528912
*  0 292 073103 5432 528926
*  0 292 073133 5433 528908
*  0 292 073203 5434 528926
*  0 292 073233 5435 528948
*  0 292 073303 5436 528940
*  0 292 073333 5437 528900
*  0 292 073403 5438 528902
*  0 292 073433 5439 528912
*  0 292 073503 5440 528916
*  0 292 073533 5441 528914
*  0 292 073603 5442 528922
*  0 292 073633 5443 528934
*  0 292 073703 5444 528936
*  0 292 073733 5445 528930
*  0 292 073803 5446 528914
*  0 292 073833 5447 528914
*  0 292 073903 5448 528920
*  0 292 073933 5449 528924
*  0 292 074003 5450 528924
*  0 292 074033 5451 528932
*  0 292 074103 5452 528924
*  0 292 074133 5453 528942
*  0 292 074203 5454 528948
*  0 292 074233 5455 528950
*  0 292 074303 5456 528934
*  0 292 074333 5457 528930
*  0 292 074403 5458 528938
*  0 292 074433 5459 528936
*  0 292 074503 5460 528926
*  0 292 074533 5461 528930
*  0 292 074603 5462 528932
*  0 292 074633 5463 528922
*  0 292 074703 5464 528910
*  0 292 074733 5465 528908
*  0 292 074803 5466 528922
*  0 292 074833 5467 528926
*  0 292 074903 5468 528912
*  0 292 074933 5469 528910
*  0 292 075003 5470 528908
*  0 292 075033 5471 528906
*  0 292 075103 5472 528902
*  0 292 075133 5473 528902
*  0 292 075203 5474 528914
*  0 292 075233 5475 528910
*  0 292 075303 5476 528912
*  0 292 075333 5477 528910
*  0 292 075403 5478 528914
*  0 292 075433 5479 528924
*  0 292 075503 5480 528924
*  0 292 075533 5481 528928
*  0 292 075603 5482 528938
*  0 292 075633 5483 528930
*  0 292 075703 5484 528900
*  0 292 075733 5485 528922
*  0 292 075803 5486 528928
*  0 292 075833 5487 528924
*  0 292 075903 5488 528926
*  0 292 075933 5489 528926
*  0 292 080003 5490 528924
*  0 292 080033 5491 528936
*  0 292 080103 5492 528940
*  0 292 080133 5493 528926
*  0 292 080203 5494 528928
*  0 292 080233 5495 528902
*  0 292 080303 5496 528902
*  0 292 080333 5497 528918
*  0 292 080403 5498 528940
*  0 292 080433 5499 528954
*  0 292 080503 5500 528956
*  0 292 080533 5501 528956
*  0 292 080603 5502 528954
*  0 292 080633 5503 528944
*  0 292 080703 5504 528942
*  0 292 080733 5505 528950
*  0 292 080803 5506 528954
*  0 292 080833 5507 528950
*  0 292 080903 5508 528948
*  0 292 080933 5509 528956
*  0 292 081003 5510 528962
*  0 292 081033 5511 528952
*  0 292 081103 5512 528950
*  0 292 081133 5513 528954
*  0 292 081203 5514 528954
*  0 292 081233 5515 528954
*  0 292 081303 5516 528960
*  0 292 081333 5517 528966
*  0 292 081403 5518 528966
*  0 292 081433 5519 528962
*  0 292 081503 5520 528966
*  0 292 081533 5521 528968
*  0 292 081603 5522 528982
*  0 292 081633 5523 528978
*  0 292 081703 5524 528944
*  0 292 081733 5525 528916
*  0 292 081803 5526 528922
*  0 292 081833 5527 528936
*  0 292 081903 5528 528940
*  0 292 081933 5529 528942
*  0 292 082003 5530 528954
*  0 292 082033 5531 528964
*  0 292 082103 5532 528948
*  0 292 082133 5533 528926
*  0 292 082203 5534 528936
*  0 292 082233 5535 528952
*  0 292 082303 5536 528952
*  0 292 082333 5537 528934
*  0 292 082403 5538 528920
*  0 292 082433 5539 528928
*  0 292 082503 5540 528928
*  0 292 082533 5541 528924
*  0 292 082603 5542 528918
*  0 292 082633 5543 528906
*  0 292 082703 5544 528904
*  0 292 082733 5545 528922
*  0 292 082803 5546 528920
*  0 292 082833 5547 528914
*  0 292 082903 5548 528904
*  0 292 082933 5549 528884
*  0 292 083003 5550 528848
*  0 292 083033 5551 528854
*  0 292 083103 5552 528876
*  0 292 083133 5553 528886
*  0 292 083203 5554 528882
*  0 292 083233 5555 528874
*  0 292 083303 5556 528864
*  0 292 083333 5557 528864
*  0 292 083403 5558 528860
*  0 292 083433 5559 528854
*  0 292 083503 5560 528848
*  0 292 083533 5561 528854
*  0 292 083603 5562 528850
*  0 292 083633 5563 528852
*  0 292 083703 5564 528854
*  0 292 083733 5565 528850
*  0 292 083803 5566 528844
*  0 292 083833 5567 528840
*  0 292 083903 5568 528840
*  0 292 083933 5569 528838
*  0 292 084003 5570 528842
*  0 292 084033 5571 528842
*  0 292 084103 5572 528848
*  0 292 084133 5573 528848
*  0 292 084203 5574 528858
*  0 292 084233 5575 528866
*  0 292 084303 5576 528860
*  0 292 084333 5577 528860
*  0 292 084403 5578 528874
*  0 292 084433 5579 528848
*  0 292 084503 5580 528836
*  0 292 084533 5581 528832
*  0 292 084603 5582 528838
*  0 292 084633 5583 528836
*  0 292 084703 5584 528820
*  0 292 084733 5585 528810
*  0 292 084803 5586 528814
*  0 292 084833 5587 528816
*  0 292 084903 5588 528814
*  0 292 084933 5589 528810
*  0 292 085003 5590 528822
*  0 292 085033 5591 528830
*  0 292 085103 5592 528836
*  0 292 085133 5593 528840
*  0 292 085203 5594 528836
*  0 292 085233 5595 528834
*  0 292 085303 5596 528832
*  0 292 085333 5597 528836
*  0 292 085403 5598 528840
*  0 292 085433 5599 528836
*  0 292 085503 5600 528836
*  0 292 085533 5601 528834
*  0 292 085603 5602 528830
*  0 292 085633 5603 528826
*  0 292 085703 5604 528832
*  0 292 085733 5605 528832
*  0 292 085803 5606 528828
*  0 292 085833 5607 528824
*  0 292 085903 5608 528826
*  0 292 085933 5609 528826
*  0 292 090003 5610 528828
*  0 292 090033 5611 528824
*  0 292 090103 5612 528824
*  0 292 090133 5613 528824
*  0 292 090203 5614 528824
*  0 292 090233 5615 528828
*  0 292 090303 5616 528826
*  0 292 090333 5617 528824
*  0 292 090403 5618 528828
*  0 292 090433 5619 528824
*  0 292 090503 5620 528826
*  0 292 090533 5621 528826
*  0 292 090603 5622 528822
*  0 292 090633 5623 528828
*  0 292 090703 5624 528826
*  0 292 090733 5625 528826
*  0 292 090803 5626 528832
*  0 292 090833 5627 528832
*  0 292 090903 5628 528834
*  0 292 090933 5629 528834
*  0 292 091003 5630 528834
*  0 292 091033 5631 528834
*  0 292 091103 5632 528834
*  0 292 091133 5633 528834
*  0 292 091203 5634 528836
*  0 292 091233 5635 528836
*  0 292 091303 5636 528836
*  0 292 091333 5637 528830
*  0 292 091403 5638 528824
*  0 292 091433 5639 528824
*  0 292 091503 5640 528826
*  0 292 091533 5641 528828
*  0 292 091603 5642 528828
*  0 292 091633 5643 528834
*  0 292 091703 5644 528846
*  0 292 091733 5645 528844
*  0 292 091803 5646 528846
*  0 292 091833 5647 528848
*  0 292 091903 5648 528854
*  0 292 091933 5649 528858
*  0 292 092003 5650 528856
*  0 292 092033 5651 528844
*  0 292 092103 5652 528842
*  0 292 092133 5653 528852
*  0 292 092203 5654 528850
*  0 292 092233 5655 528846
*  0 292 092303 5656 528842
*  0 292 092333 5657 528850
*  0 292 092403 5658 528854
*  0 292 092433 5659 528856
*  0 292 092503 5660 528852
*  0 292 092533 5661 528846
*  0 292 092603 5662 528848
*  0 292 092633 5663 528844
*  0 292 092703 5664 528846
*  0 292 092733 5665 528854
*  0 292 092803 5666 528858
*  0 292 092833 5667 528850
*  0 292 092903 5668 528848
*  0 292 092933 5669 528854
*  0 292 093003 5670 528848
*  0 292 093033 5671 528862
*  0 292 093103 5672 528854
*  0 292 093133 5673 528848
*  0 292 093203 5674 528850
*  0 292 093233 5675 528848
*  0 292 093303 5676 528844
*  0 292 093333 5677 528856
*  0 292 093403 5678 528848
*  0 292 093433 5679 528842
*  0 292 093503 5680 528844
*  0 292 093533 5681 528858
*  0 292 093603 5682 528858
*  0 292 093633 5683 528852
*  0 292 093703 5684 528852
*  0 292 093733 5685 528864
*  0 292 093803 5686 528856
*  0 292 093833 5687 528838
*  0 292 093903 5688 528838
*  0 292 093933 5689 528836
*  0 292 094003 5690 528828
*  0 292 094033 5691 528834
*  0 292 094103 5692 528830
*  0 292 094133 5693 528832
*  0 292 094203 5694 528844
*  0 292 094233 5695 528834
*  0 292 094303 5696 528830
*  0 292 094333 5697 528828
*  0 292 094403 5698 528824
*  0 292 094433 5699 528824
*  0 292 094503 5700 528832
*  0 292 094533 5701 528830
*  0 292 094603 5702 528836
*  0 292 094633 5703 528846
*  0 292 094703 5704 528846
*  0 292 094733 5705 528846
*  0 292 094803 5706 528864
*  0 292 094833 5707 528868
*  0 292 094903 5708 528858
*  0 292 094933 5709 528856
*  0 292 095003 5710 528854
*  0 292 095033 5711 528846
*  0 292 095103 5712 528838
*  0 292 095133 5713 528850
*  0 292 095203 5714 528858
*  0 292 095233 5715 528862
*  0 292 095303 5716 528852
*  0 292 095333 5717 528862
*  0 292 095403 5718 528868
*  0 292 095433 5719 528870
*  0 292 095503 5720 528882
*  0 292 095533 5721 528888
*  0 292 095603 5722 528862
*  0 292 095633 5723 528866
*  0 292 095703 5724 528882
*  0 292 095733 5725 528888
*  0 292 095803 5726 528884
*  0 292 095833 5727 528884
*  0 292 095903 5728 528892
*  0 292 095933 5729 528902
*  0 292 100003 5730 528902
*  0 292 100033 5731 528892
*  0 292 100103 5732 528892
*  0 292 100133 5733 528904
*  0 292 100203 5734 528910
*  0 292 100233 5735 528912
*  0 292 100303 5736 528906
*  0 292 100333 5737 528906
*  0 292 100403 5738 528906
*  0 292 100433 5739 528900
*  0 292 100503 5740 528902
*  0 292 100533 5741 528908
*  0 292 100603 5742 528912
*  0 292 100633 5743 528916
*  0 292 100703 5744 528930
*  0 292 100733 5745 528930
*  0 292 100803 5746 528908
*  0 292 100833 5747 528896
*  0 292 100903 5748 528908
*  0 292 100933 5749 528892
*  0 292 101003 5750 528904
*  0 292 101033 5751 528906
*  0 292 101103 5752 528886
*  0 292 101133 5753 528888
*  0 292 101203 5754 528876
*  0 292 101233 5755 528876
*  0 292 101303 5756 528890
*  0 292 101333 5757 528880
*  0 292 101403 5758 528882
*  0 292 101433 5759 528896
*  0 292 101503 5760 528906
*  0 292 101533 5761 528902
*  0 292 101603 5762 528902
*  0 292 101633 5763 528902
*  0 292 101703 5764 528902
*  0 292 101733 5765 528908
*  0 292 101803 5766 528914
*  0 292 101833 5767 528894
*  0 292 101903 5768 528890
*  0 292 101933 5769 528922
*  0 292 102003 5770 528930
*  0 292 102033 5771 528924
*  0 292 102103 5772 528944
*  0 292 102133 5773 528960
*  0 292 102203 5774 528950
*  0 292 102233 5775 528922
*  0 292 102303 5776 528934
*  0 292 102333 5777 528958
*  0 292 102403 5778 528938
*  0 292 102433 5779 528922
*  0 292 102503 5780 528934
*  0 292 102533 5781 528938
*  0 292 102603 5782 528938
*  0 292 102633 5783 528934
*  0 292 102703 5784 528928
*  0 292 102733 5785 528930
*  0 292 102803 5786 528928
*  0 292 102833 5787 528936
*  0 292 102903 5788 528932
*  0 292 102933 5789 528932
*  0 292 103003 5790 528932
*  0 292 103033 5791 528934
*  0 292 103103 5792 528922
*  0 292 103133 5793 528920
*  0 292 103203 5794 528922
*  0 292 103233 5795 528922
*  0 292 103303 5796 528916
*  0 292 103333 5797 528910
*  0 292 103403 5798 528908
*  0 292 103433 5799 528908
*  0 292 103503 5800 528910
*  0 292 103533 5801 528902
*  0 292 103603 5802 528882
*  0 292 103633 5803 528874
*  0 292 103703 5804 528860
*  0 292 103733 5805 528852
*  0 292 103803 5806 528852
*  0 292 103833 5807 528856
*  0 292 103903 5808 528856
*  0 292 103933 5809 528860
*  0 292 104003 5810 528866
*  0 292 104033 5811 528872
*  0 292 104103 5812 528882
*  0 292 104133 5813 528894
*  0 292 104203 5814 528890
*  0 292 104233 5815 528890
*  0 292 104303 5816 528890
*  0 292 104333 5817 528900
*  0 292 104403 5818 528906
*  0 292 104433 5819 528908
*  0 292 104503 5820 528912
*  0 292 104533 5821 528930
*  0 292 104603 5822 528940
*  0 292 104633 5823 528948
*  0 292 104703 5824 528938
*  0 292 104733 5825 528938
*  0 292 104803 5826 528940
*  0 292 104833 5827 528934
*  0 292 104903 5828 528928
*  0 292 104933 5829 528944
*  0 292 105003 5830 528918
*  0 292 105033 5831 528920
*  0 292 105103 5832 528940
*  0 292 105133 5833 528942
*  0 292 105203 5834 528952
*  0 292 105233 5835 528962
*  0 292 105303 5836 528964
*  0 292 105333 5837 528974
*  0 292 105403 5838 528982
*  0 292 105433 5839 528984
*  0 292 105503 5840 528986
*  0 292 105533 5841 528980
*  0 292 105603 5842 528974
*  0 292 105633 5843 528996
*  0 292 105703 5844 528978
*  0 292 105733 5845 528966
*  0 292 105803 5846 528976
*  0 292 105833 5847 528960
*  0 292 105903 5848 528942
*  0 292 105933 5849 528934
*  0 292 110003 5850 528930
*  0 292 110033 5851 528928
*  0 292 110103 5852 528924
*  0 292 110133 5853 528918
*  0 292 110203 5854 528900
*  0 292 110233 5855 528910
*  0 292 110303 5856 528920
*  0 292 110333 5857 528912
*  0 292 110403 5858 528916
*  0 292 110433 5859 528924
*  0 292 110503 5860 528914
*  0 292 110533 5861 528904
*  0 292 110603 5862 528910
*  0 292 110633 5863 528908
*  0 292 110703 5864 528904
*  0 292 110733 5865 528896
*  0 292 110803 5866 528888
*  0 292 110833 5867 528894
*  0 292 110903 5868 528892
*  0 292 110933 5869 528896
*  0 292 111003 5870 528886
*  0 292 111033 5871 528882
*  0 292 111103 5872 528880
*  0 292 111133 5873 528882
*  0 292 111203 5874 528878
*  0 292 111233 5875 528888
*  0 292 111303 5876 528888
*  0 292 111333 5877 528888
*  0 292 111403 5878 528876
*  0 292 111433 5879 528876
*  0 292 111503 5880 528902
*  0 292 111533 5881 528898
*  0 292 111603 5882 528886
*  0 292 111633 5883 528884
*  0 292 111703 5884 528888
*  0 292 111733 5885 528886
*  0 292 111803 5886 528888
*  0 292 111833 5887 528888
*  0 292 111903 5888 528892
*  0 292 111933 5889 528880
*  0 292 112003 5890 528884
*  0 292 112033 5891 528884
*  0 292 112103 5892 528880
*  0 292 112133 5893 528886
*  0 292 112203 5894 528890
*  0 292 112233 5895 528894
*  0 292 112303 5896 528888
*  0 292 112333 5897 528892
*  0 292 112403 5898 528888
*  0 292 112433 5899 528884
*  0 292 112503 5900 528884
*  0 292 112533 5901 528876
*  0 292 112603 5902 528876
*  0 292 112633 5903 528878
*  0 292 112703 5904 528876
*  0 292 112733 5905 528870
*  0 292 112803 5906 528866
*  0 292 112833 5907 528874
*  0 292 112903 5908 528876
*  0 292 112933 5909 528878
*  0 292 113003 5910 528878
*  0 292 113033 5911 528880
*  0 292 113103 5912 528876
*  0 292 113133 5913 528886
*  0 292 113203 5914 528882
*  0 292 113233 5915 528880
*  0 292 113303 5916 528882
*  0 292 113333 5917 528890
*  0 292 113403 5918 528888
*  0 292 113433 5919 528886
*  0 292 113503 5920 528868
*  0 292 113533 5921 528866
*  0 292 113603 5922 528874
*  0 292 113633 5923 528872
*  0 292 113703 5924 528870
*  0 292 113733 5925 528864
*  0 292 113803 5926 528858
*  0 292 113833 5927 528862
*  0 292 113903 5928 528860
*  0 292 113933 5929 528858
*  0 292 114003 5930 528852
*  0 292 114033 5931 528854
*  0 292 114103 5932 528862
*  0 292 114133 5933 528856
*  0 292 114203 5934 528860
*  0 292 114233 5935 528862
*  0 292 114303 5936 528860
*  0 292 114333 5937 528866
*  0 292 114403 5938 528868
*  0 292 114433 5939 528870
*  0 292 114503 5940 528874
*  0 292 114533 5941 528874
*  0 292 114603 5942 528866
*  0 292 114633 5943 528866
*  0 292 114703 5944 528864
*  0 292 114733 5945 528872
*  0 292 114803 5946 528868
*  0 292 114833 5947 528870
*  0 292 114903 5948 528872
*  0 292 114933 5949 528882
*  0 292 115003 5950 528882
*  0 292 115033 5951 528880
*  0 292 115103 5952 528890
*  0 292 115133 5953 528894
*  0 292 115203 5954 528896
*  0 292 115233 5955 528896
*  0 292 115303 5956 528896
*  0 292 115333 5957 528912
*  0 292 115403 5958 528920
*  0 292 115433 5959 528914
*  0 292 115503 5960 528918
*  0 292 115533 5961 528924
*  0 292 115603 5962 528918
*  0 292 115633 5963 528906
*  0 292 115703 5964 528908
*  0 292 115733 5965 528912
*  0 292 115803 5966 528906
*  0 292 115833 5967 528906
*  0 292 115903 5968 528908
*  0 292 115933 5969 528920
*  0 292 120003 5970 528932
*  0 292 120033 5971 528930
*  0 292 120103 5972 528932
*  0 292 120133 5973 528932
*  0 292 120203 5974 528938
*  0 292 120233 5975 528938
*  0 292 120303 5976 528926
*  0 292 120333 5977 528924
*  0 292 120403 5978 528930
*  0 292 120433 5979 528932
*  0 292 120503 5980 528934
*  0 292 120533 5981 528942
*  0 292 120603 5982 528946
*  0 292 120633 5983 528960
*  0 292 120703 5984 528972
*  0 292 120733 5985 528964
*  0 292 120803 5986 528960
*  0 292 120833 5987 528968
*  0 292 120903 5988 528968
*  0 292 120933 5989 528966
*  0 292 121003 5990 528960
*  0 292 121033 5991 528950
*  0 292 121103 5992 528950
*  0 292 121133 5993 528948
*  0 292 121203 5994 528946
*  0 292 121233 5995 528946
*  0 292 121303 5996 528946
*  0 292 121333 5997 528950
*  0 292 121403 5998 528960
*  0 292 121433 5999 528954
*  0 292 121503 6000 528944
*  0 292 121533 6001 528942
*  0 292 121603 6002 528936
*  0 292 121633 6003 528942
*  0 292 121703 6004 528944
*  0 292 121733 6005 528932
*  0 292 121803 6006 528922
*  0 292 121833 6007 528932
*  0 292 121903 6008 528926
*  0 292 121933 6009 528930
*  0 292 122003 6010 528936
*  0 292 122033 6011 528932
*  0 292 122103 6012 528938
*  0 292 122133 6013 528942
*  0 292 122203 6014 528936
*  0 292 122233 6015 528938
*  0 292 122303 6016 528948
*  0 292 122333 6017 528948
*  0 292 122403 6018 528946
*  0 292 122433 6019 528950
*  0 292 122503 6020 528942
*  0 292 122533 6021 528948
*  0 292 122603 6022 528944
*  0 292 122633 6023 528936
*  0 292 122703 6024 528930
*  0 292 122733 6025 528924
*  0 292 122803 6026 528924
*  0 292 122833 6027 528928
*  0 292 122903 6028 528922
*  0 292 122933 6029 528928
*  0 292 123003 6030 528930
*  0 292 123033 6031 528942
*  0 292 123103 6032 528948
*  0 292 123133 6033 528948
*  0 292 123203 6034 528940
*  0 292 123233 6035 528930
*  0 292 123303 6036 528926
*  0 292 123333 6037 528922
*  0 292 123403 6038 528922
*  0 292 123433 6039 528914
*  0 292 123503 6040 528918
*  0 292 123533 6041 528924
*  0 292 123603 6042 528940
*  0 292 123633 6043 528956
*  0 292 123703 6044 528960
*  0 292 123733 6045 528968
*  0 292 123803 6046 528964
*  0 292 123833 6047 528956
*  0 292 123903 6048 528958
*  0 292 123933 6049 528954
*  0 292 124003 6050 528948
*  0 292 124033 6051 528948
*  0 292 124103 6052 528964
*  0 292 124133 6053 528964
*  0 292 124203 6054 528966
*  0 292 124233 6055 528974
*  0 292 124303 6056 528982
*  0 292 124333 6057 528978
*  0 292 124403 6058 528972
*  0 292 124433 6059 528970
*  0 292 124503 6060 528972
*  0 292 124533 6061 528968
*  0 292 124603 6062 528976
*  0 292 124633 6063 528974
*  0 292 124703 6064 528974
*  0 292 124733 6065 528988
*  0 292 124803 6066 528984
*  0 292 124833 6067 528986
*  0 292 124903 6068 528984
*  0 292 124933 6069 528972
*  0 292 125003 6070 528968
*  0 292 125033 6071 528960
*  0 292 125103 6072 528958
*  0 292 125133 6073 528960
*  0 292 125203 6074 528970
*  0 292 125233 6075 528978
*  0 292 125303 6076 528976
*  0 292 125333 6077 528968
*  0 292 125403 6078 528970
*  0 292 125433 6079 528970
*  0 292 125503 6080 528890
*  0 292 125533 6081 528982
